--- test ---------------------
1 samples (256 per mini-batch)
________0
tensor([[[[2.7451, 2.6560, 2.6942, 2.6815, 2.6687, 2.7324, 2.7069],
          [2.6942, 2.6942, 2.6942, 2.6815, 2.7324, 2.7069, 2.7197],
          [2.7324, 2.6687, 2.6815, 2.7324, 2.6815, 2.7578, 2.7069],
          [2.6433, 2.7197, 2.7069, 2.6687, 2.6942, 2.6178, 2.6815],
          [2.6942, 2.6815, 2.6560, 2.7324, 2.6687, 2.6687, 2.6433],
          [2.7069, 2.6815, 2.7197, 2.7197, 2.6687, 2.7324, 2.7324],
          [2.7324, 2.6687, 2.6942, 2.7324, 2.6815, 2.6942, 2.4396]]]])
torch.Size([1, 1, 7, 7])
________1
tensor([[[[ 1.2202,  1.2292,  1.2317,  1.2315,  1.2430],
          [ 1.2224,  1.2419,  1.2201,  1.2348,  1.2176],
          [ 1.2181,  1.2185,  1.2381,  1.2201,  1.2484],
          [ 1.2423,  1.2458,  1.2208,  1.2381,  1.2096],
          [ 1.2363,  1.2171,  1.2369,  1.2330,  1.1985]],

         [[-1.8237, -1.8045, -1.8017, -1.8233, -1.8167],
          [-1.8094, -1.8088, -1.8320, -1.7905, -1.8300],
          [-1.8275, -1.8138, -1.8130, -1.8626, -1.8064],
          [-1.8185, -1.8058, -1.8453, -1.7936, -1.8228],
          [-1.7958, -1.8107, -1.8252, -1.7992, -1.7984]],

         [[ 1.2148,  1.2397,  1.2275,  1.2420,  1.2595],
          [ 1.2340,  1.2284,  1.2428,  1.2441,  1.2409],
          [ 1.2216,  1.2433,  1.2428,  1.2323,  1.2345],
          [ 1.2494,  1.2213,  1.2364,  1.2266,  1.2133],
          [ 1.2223,  1.2363,  1.2598,  1.2123,  1.2329]],

         [[-2.6516, -2.6197, -2.6130, -2.6541, -2.6252],
          [-2.6161, -2.6323, -2.6448, -2.6366, -2.6664],
          [-2.6260, -2.6436, -2.6125, -2.6561, -2.6412],
          [-2.6351, -2.6323, -2.6177, -2.6278, -2.5920],
          [-2.6426, -2.6291, -2.6115, -2.6518, -2.5733]],

         [[ 1.5668,  1.5503,  1.5522,  1.5475,  1.5715],
          [ 1.5740,  1.5480,  1.5691,  1.5769,  1.5846],
          [ 1.5624,  1.5662,  1.5723,  1.5865,  1.5735],
          [ 1.5552,  1.5523,  1.5645,  1.5459,  1.5443],
          [ 1.5470,  1.5516,  1.5724,  1.5557,  1.5730]],

         [[-1.6675, -1.6374, -1.6733, -1.6571, -1.6737],
          [-1.6510, -1.6670, -1.6498, -1.6665, -1.6319],
          [-1.6536, -1.6387, -1.6513, -1.6411, -1.6188],
          [-1.6374, -1.6480, -1.6711, -1.6594, -1.6562],
          [-1.6693, -1.6502, -1.6696, -1.6774, -1.7094]]]])
________2
tensor([[[[ 0.3268,  0.4257,  0.4536,  0.4511,  0.5785],
          [ 0.3512,  0.5657,  0.3256,  0.4880,  0.2990],
          [ 0.3043,  0.3087,  0.5244,  0.3257,  0.6376],
          [ 0.5700,  0.6090,  0.3343,  0.5240,  0.2109],
          [ 0.5040,  0.2926,  0.5109,  0.4677,  0.0881]],

         [[-0.4357, -0.2441, -0.2162, -0.4317, -0.3659],
          [-0.2928, -0.2868, -0.5177, -0.1045, -0.4980],
          [-0.4728, -0.3371, -0.3285, -0.8231, -0.2631],
          [-0.3835, -0.2571, -0.6510, -0.1358, -0.4264],
          [-0.1580, -0.3061, -0.4503, -0.1917, -0.1830]],

         [[ 0.8943,  1.1698,  1.0341,  1.1952,  1.3880],
          [ 1.1065,  1.0438,  1.2032,  1.2181,  1.1829],
          [ 0.9694,  1.2089,  1.2038,  1.0875,  1.1118],
          [ 1.2761,  0.9655,  1.1333,  1.0240,  0.8780],
          [ 0.9771,  1.1313,  1.3918,  0.8661,  1.0939]],

         [[-0.6057, -0.2862, -0.2188, -0.6312, -0.3409],
          [-0.2497, -0.4121, -0.5378, -0.4555, -0.7544],
          [-0.3494, -0.5258, -0.2133, -0.6512, -0.5021],
          [-0.4405, -0.4119, -0.2661, -0.3676, -0.0079],
          [-0.5156, -0.3806, -0.2041, -0.6084,  0.1800]],

         [[ 0.6688,  0.4949,  0.5150,  0.4660,  0.7185],
          [ 0.7442,  0.4706,  0.6931,  0.7746,  0.8555],
          [ 0.6227,  0.6619,  0.7265,  0.8759,  0.7391],
          [ 0.5466,  0.5164,  0.6449,  0.4486,  0.4324],
          [ 0.4604,  0.5088,  0.7271,  0.5525,  0.7343]],

         [[-0.2130,  0.0880, -0.2702, -0.1090, -0.2746],
          [-0.0479, -0.2075, -0.0355, -0.2030,  0.1425],
          [-0.0738,  0.0746, -0.0512,  0.0506,  0.2734],
          [ 0.0875, -0.0184, -0.2486, -0.1318, -0.0998],
          [-0.2309, -0.0395, -0.2338, -0.3116, -0.6311]]]])
________3
tensor([[[[0.3268, 0.4257, 0.4536, 0.4511, 0.5785],
          [0.3512, 0.5657, 0.3256, 0.4880, 0.2990],
          [0.3043, 0.3087, 0.5244, 0.3257, 0.6376],
          [0.5700, 0.6090, 0.3343, 0.5240, 0.2109],
          [0.5040, 0.2926, 0.5109, 0.4677, 0.0881]],

         [[0.0000, 0.0000, 0.0000, 0.0000, 0.0000],
          [0.0000, 0.0000, 0.0000, 0.0000, 0.0000],
          [0.0000, 0.0000, 0.0000, 0.0000, 0.0000],
          [0.0000, 0.0000, 0.0000, 0.0000, 0.0000],
          [0.0000, 0.0000, 0.0000, 0.0000, 0.0000]],

         [[0.8943, 1.1698, 1.0341, 1.1952, 1.3880],
          [1.1065, 1.0438, 1.2032, 1.2181, 1.1829],
          [0.9694, 1.2089, 1.2038, 1.0875, 1.1118],
          [1.2761, 0.9655, 1.1333, 1.0240, 0.8780],
          [0.9771, 1.1313, 1.3918, 0.8661, 1.0939]],

         [[0.0000, 0.0000, 0.0000, 0.0000, 0.0000],
          [0.0000, 0.0000, 0.0000, 0.0000, 0.0000],
          [0.0000, 0.0000, 0.0000, 0.0000, 0.0000],
          [0.0000, 0.0000, 0.0000, 0.0000, 0.0000],
          [0.0000, 0.0000, 0.0000, 0.0000, 0.1800]],

         [[0.6688, 0.4949, 0.5150, 0.4660, 0.7185],
          [0.7442, 0.4706, 0.6931, 0.7746, 0.8555],
          [0.6227, 0.6619, 0.7265, 0.8759, 0.7391],
          [0.5466, 0.5164, 0.6449, 0.4486, 0.4324],
          [0.4604, 0.5088, 0.7271, 0.5525, 0.7343]],

         [[0.0000, 0.0880, 0.0000, 0.0000, 0.0000],
          [0.0000, 0.0000, 0.0000, 0.0000, 0.1425],
          [0.0000, 0.0746, 0.0000, 0.0506, 0.2734],
          [0.0875, 0.0000, 0.0000, 0.0000, 0.0000],
          [0.0000, 0.0000, 0.0000, 0.0000, 0.0000]]]])
________4
tensor([[0.3268, 0.4257, 0.4536, 0.4511, 0.5785, 0.3512, 0.5657, 0.3256, 0.4880,
         0.2990, 0.3043, 0.3087, 0.5244, 0.3257, 0.6376, 0.5700, 0.6090, 0.3343,
         0.5240, 0.2109, 0.5040, 0.2926, 0.5109, 0.4677, 0.0881, 0.0000, 0.0000,
         0.0000, 0.0000, 0.0000, 0.0000, 0.0000, 0.0000, 0.0000, 0.0000, 0.0000,
         0.0000, 0.0000, 0.0000, 0.0000, 0.0000, 0.0000, 0.0000, 0.0000, 0.0000,
         0.0000, 0.0000, 0.0000, 0.0000, 0.0000, 0.8943, 1.1698, 1.0341, 1.1952,
         1.3880, 1.1065, 1.0438, 1.2032, 1.2181, 1.1829, 0.9694, 1.2089, 1.2038,
         1.0875, 1.1118, 1.2761, 0.9655, 1.1333, 1.0240, 0.8780, 0.9771, 1.1313,
         1.3918, 0.8661, 1.0939, 0.0000, 0.0000, 0.0000, 0.0000, 0.0000, 0.0000,
         0.0000, 0.0000, 0.0000, 0.0000, 0.0000, 0.0000, 0.0000, 0.0000, 0.0000,
         0.0000, 0.0000, 0.0000, 0.0000, 0.0000, 0.0000, 0.0000, 0.0000, 0.0000,
         0.1800, 0.6688, 0.4949, 0.5150, 0.4660, 0.7185, 0.7442, 0.4706, 0.6931,
         0.7746, 0.8555, 0.6227, 0.6619, 0.7265, 0.8759, 0.7391, 0.5466, 0.5164,
         0.6449, 0.4486, 0.4324, 0.4604, 0.5088, 0.7271, 0.5525, 0.7343, 0.0000,
         0.0880, 0.0000, 0.0000, 0.0000, 0.0000, 0.0000, 0.0000, 0.0000, 0.1425,
         0.0000, 0.0746, 0.0000, 0.0506, 0.2734, 0.0875, 0.0000, 0.0000, 0.0000,
         0.0000, 0.0000, 0.0000, 0.0000, 0.0000, 0.0000]])
________5
tensor([[ 0.0627, -0.1988,  0.3833,  0.3254, -0.1515,  0.9131,  0.7418,  0.1875,
          0.1387,  0.4671,  0.0079,  0.6017, -0.5735,  0.1315, -0.0959,  0.1679,
         -0.2231, -0.3766, -0.5127,  0.0412, -0.1909, -0.0046, -0.0480]])
Predicted 5 | Target 5
==> Top1: 100.000    Top5: 100.000    Loss: 2.370
















