0.0221 -0.0792  0.2604
          -0.1006 -0.2192  0.2175
           0.3211  0.2506 -0.2834


         0.0587 -0.1521  0.2477
          -0.5093  0.1149 -0.1213
          -0.0545  0.0593  0.2454


         0.2059  0.1298 -0.2777
           0.0401  0.1022  0.0907
           0.3455  0.0556  0.0629


        -0.3665 -0.2210  0.0914
          -0.2924  0.2171  0.1933
          -0.0553  0.1976  0.0464


         0.0882 -0.0168  0.1823
           0.0817  0.0835 -0.1802
          -0.5394 -0.1398 -0.2966


        -0.1992 -0.4095 -0.0077
           0.1698  0.0488  0.1298
           0.2899  0.1565  0.1828